000005
000007
000009
000012
000016
000019
000020
000023
000024
000026
000030
000032
000033
000034
000035
000036
000039
000041
000042
000044
000046
000047
000051
000052
000061
000063
000065
000066
000072
000073
000077
000078
000081
000083
000089
000091
000093
000095
000099
000101
000102
000104
000107
000112
000118
000120
000121
000122
000123
000129
000131
000133
000134
000138
000140
000141
000142
000143
000150
000153
000154
000156
000158
000159
000161
000162
000163
000164
000165
000169
000170
000171
000174
000184
000187
000189
000192
000193
000194
000198
000200
000203
000207
000208
000209
000210
000211
000214
000215
000218
000220
000221
000222
000224
000225
000229
000232
000233
000236
000242
000244
000245
000250
000251
000256
000257
000259
000262
000266
000268
000269
000270
000276
000278
000282
000285
000288
000289
000294
000296
000298
000302
000304
000306
000308
000311
000312
000318
000320
000321
000322
000323
000325
000329
000331
000334
000336
000337
000338
000340
000343
000344
000347
000352
000354
000355
000363
000367
000370
000372
000373
000374
000379
000381
000382
000387
000391
000394
000395
000396
000400
000403
000404
000407
000408
000411
000416
000417
000419
000420
000424
000427
000430
000433
000435
000438
000439
000443
000446
000448
000450
000459
000460
000461
000462
000464
000468
000469
000470
000474
000476
000477
000480
000482
000483
000484
000486
000494
000496
000498
000499
000500
000501
000503
000509
000513
000514
000515
000516
000518
000519
000520
000522
000523
000524
000525
000526
000530
000535
000543
000544
000545
000549
000550
000552
000554
000555
000559
000563
000564
000565
000579
000581
000582
000583
000589
000590
000591
000592
000598
000601
000605
000608
000609
000610
000612
000613
000620
000622
000625
000626
000628
000632
000633
000635
000637
000645
000647
000653
000654
000656
000657
000660
000663
000667
000671
000672
000676
000677
000680
000682
000684
000685
000686
000688
000689
000690
000694
000695
000699
000700
000702
000705
000707
000709
000711
000712
000713
000714
000717
000720
000726
000728
000729
000730
000731
000733
000738
000739
000740
000742
000746
000748
000750
000752
000753
000754
000755
000756
000760
000761
000763
000764
000767
000768
000770
000771
000772
000774
000776
000777
000782
000793
000794
000796
000797
000799
000800
000804
000805
000806
000808
000810
000812
000814
000815
000816
000820
000822
000823
000826
000827
000828
000829
000830
000831
000832
000834
000843
000847
000849
000850
000851
000857
000860
000862
000863
000865
000867
000868
000872
000874
000878
000879
000880
000882
000885
000888
000892
000895
000896
000899
000900
000902
000903
000904
000906
000908
000911
000912
000915
000917
000918
000920
000921
000923
000926
000929
000931
000934
000936
000937
000943
000946
000947
000948
000949
000950
000951
000954
000964
000965
000966
000967
000971
000973
000980
000987
000989
000991
000993
000996
001001
001002
001004
001008
001009
001014
001015
001018
001024
001027
001036
001042
001043
001045
001050
001053
001056
001060
001061
001062
001066
001068
001069
001072
001073
001074
001077
001082
001083
001084
001091
001092
001097
001101
001102
001104
001106
001107
001109
001112
001119
001121
001124
001129
001130
001136
001137
001140
001142
001143
001144
001145
001147
001148
001149
001151
001152
001154
001156
001158
001160
001161
001164
001166
001168
001170
001172
001174
001175
001182
001184
001185
001187
001191
001194
001199
001200
001201
001204
001205
001206
001209
001211
001212
001214
001215
001221
001224
001226
001229
001230
001231
001234
001236
001239
001241
001247
001250
001254
001258
001259
001260
001263
001266
001268
001270
001277
001279
001281
001284
001286
001287
001289
001290
001292
001294
001298
001304
001309
001310
001311
001312
001314
001315
001316
001323
001324
001325
001326
001327
001330
001332
001333
001334
001337
001343
001345
001346
001352
001360
001362
001364
001365
001371
001375
001378
001383
001384
001385
001386
001388
001393
001397
001400
001404
001408
001409
001413
001414
001418
001420
001421
001426
001430
001432
001436
001439
001441
001442
001443
001444
001445
001450
001451
001453
001457
001460
001463
001466
001467
001468
001472
001475
001479
001480
001481
001484
001485
001486
001488
001493
001497
001498
001499
001501
001504
001510
001512
001514
001515
001521
001522
001523
001524
001526
001528
001529
001531
001536
001539
001541
001543
001544
001545
001548
001553
001554
001555
001556
001559
001561
001563
001565
001571
001576
001577
001579
001580
001582
001588
001590
001593
001594
001595
001597
001598
001603
001604
001607
001610
001611
001612
001614
001617
001618
001622
001627
001630
001632
001638
001640
001642
001647
001650
001651
001653
001654
001661
001662
001673
001675
001676
001677
001678
001680
001682
001683
001685
001686
001688
001689
001690
001691
001699
001708
001711
001714
001717
001718
001721
001725
001726
001727
001729
001730
001732
001733
001734
001738
001739
001746
001747
001749
001750
001754
001755
001756
001758
001759
001761
001765
001766
001771
001772
001775
001778
001780
001782
001784
001785
001787
001789
001793
001797
001799
001800
001801
001806
001809
001810
001816
001821
001825
001827
001828
001830
001832
001833
001834
001836
001837
001841
001842
001843
001845
001847
001849
001853
001854
001855
001858
001860
001861
001862
001864
001870
001872
001875
001877
001878
001881
001882
001887
001888
001892
001896
001898
001899
001901
001902
001903
001904
001906
001911
001918
001920
001928
001930
001931
001932
001933
001934
001936
001937
001940
001941
001944
001945
001948
001950
001952
001954
001958
001960
001962
001963
001964
001970
001972
001977
001980
001982
001989
001995
001999
002000
002002
002004
002006
002011
002012
002015
002019
002020
002022
002023
002024
002025
002027
002034
002036
002037
002043
002045
002047
002049
002054
002055
002056
002061
002064
002067
002068
002069
002070
002082
002083
002090
002096
002098
002099
002101
002102
002108
002109
002112
002114
002116
002117
002120
002124
002125
002126
002129
002132
002134
002135
002136
002139
002142
002145
002146
002151
002152
002153
002155
002158
002163
002165
002170
002171
002172
002176
002178
002179
002180
002181
002182
002183
002184
002186
002187
002190
002191
002192
002193
002197
002201
002208
002209
002213
002214
002215
002218
002219
002220
002221
002224
002226
002228
002234
002241
002244
002248
002249
002251
002253
002257
002259
002260
002261
002263
002266
002267
002268
002270
002272
002273
002276
002277
002278
002279
002280
002281
002285
002287
002288
002290
002293
002302
002305
002307
002308
002310
002311
002315
002320
002321
002323
002328
002329
002330
002332
002333
002334
002335
002337
002340
002342
002345
002347
002350
002352
002354
002355
002359
002361
002362
002364
002367
002368
002369
002371
002373
002374
002375
002376
002382
002384
002385
002391
002392
002393
002401
002404
002405
002407
002410
002411
002413
002415
002417
002419
002420
002423
002425
002427
002433
002435
002436
002437
002439
002441
002442
002443
002444
002445
002450
002456
002458
002459
002460
002461
002462
002465
002466
002468
002470
002476
002477
002478
002479
002480
002483
002490
002491
002496
002497
002500
002501
002502
002504
002505
002508
002512
002513
002514
002518
002519
002520
002523
002524
002525
002529
002533
002537
002539
002540
002542
002544
002549
002555
002558
002559
002561
002563
002565
002567
002571
002572
002578
002579
002584
002585
002586
002589
002593
002595
002598
002599
002600
002606
002609
002613
002615
002621
002625
002627
002633
002635
002637
002641
002643
002645
002646
002648
002649
002653
002657
002658
002659
002664
002666
002667
002668
002669
002670
002677
002678
002682
002683
002684
002690
002691
002693
002697
002699
002702
002704
002706
002709
002713
002714
002718
002721
002722
002723
002730
002732
002734
002735
002737
002738
002741
002744
002745
002747
002749
002751
002755
002757
002759
002760
002762
002763
002765
002772
002774
002775
002776
002778
002779
002783
002784
002785
002786
002791
002794
002795
002796
002798
002800
002801
002803
002804
002807
002816
002817
002820
002826
002833
002834
002836
002838
002841
002842
002845
002847
002848
002854
002855
002864
002866
002867
002868
002869
002870
002873
002875
002879
002880
002884
002886
002889
002893
002899
002901
002910
002912
002913
002914
002915
002916
002919
002924
002931
002932
002934
002935
002937
002938
002939
002941
002942
002943
002944
002946
002947
002952
002953
002954
002957
002958
002960
002962
002963
002965
002966
002967
002969
002975
002976
002977
002978
002984
002987
002988
002989
002990
002992
002994
003000
003003
003004
003009
003011
003013
003023
003024
003031
003032
003034
003038
003039
003042
003044
003045
003047
003051
003053
003054
003056
003058
003061
003064
003066
003072
003077
003078
003082
003083
003086
003090
003092
003093
003094
003098
003100
003102
003103
003105
003106
003107
003108
003110
003112
003117
003118
003122
003126
003127
003129
003133
003134
003135
003137
003140
003142
003145
003146
003149
003150
003154
003155
003157
003159
003161
003162
003163
003164
003165
003169
003170
003175
003176
003177
003181
003183
003184
003185
003186
003188
003189
003194
003195
003200
003204
003205
003207
003210
003211
003216
003218
003219
003223
003228
003231
003233
003236
003240
003242
003243
003244
003247
003250
003253
003255
003256
003258
003259
003260
003261
003262
003269
003270
003271
003272
003274
003279
003280
003282
003285
003290
003292
003293
003294
003296
003299
003301
003307
003311
003313
003316
003320
003325
003327
003330
003331
003336
003337
003338
003339
003343
003344
003349
003350
003351
003354
003355
003356
003359
003360
003362
003363
003365
003367
003369
003370
003373
003376
003380
003382
003386
003390
003391
003396
003397
003398
003401
003404
003406
003407
003408
003410
003412
003413
003415
003416
003420
003421
003424
003425
003429
003430
003433
003435
003436
003439
003441
003443
003444
003449
003452
003453
003455
003458
003461
003462
003469
003470
003477
003489
003493
003497
003499
003508
003510
003511
003516
003518
003519
003522
003524
003525
003528
003530
003536
003537
003539
003546
003548
003549
003550
003551
003554
003555
003556
003565
003566
003575
003576
003580
003585
003586
003587
003588
003589
003593
003594
003596
003597
003599
003604
003605
003606
003608
003609
003611
003614
003618
003620
003621
003622
003623
003625
003627
003628
003629
003632
003634
003636
003639
003640
003642
003644
003645
003646
003654
003656
003657
003662
003663
003664
003667
003669
003671
003673
003674
003678
003681
003684
003688
003690
003691
003696
003698
003699
003700
003703
003704
003705
003706
003708
003709
003711
003713
003714
003717
003722
003727
003729
003732
003740
003743
003749
003753
003754
003758
003759
003763
003767
003773
003774
003779
003780
003781
003783
003784
003786
003788
003790
003791
003793
003796
003797
003798
003803
003807
003808
003809
003811
003814
003818
003820
003821
003827
003828
003830
003834
003835
003837
003845
003846
003847
003848
003849
003856
003857
003859
003860
003861
003865
003868
003869
003871
003874
003876
003877
003879
003886
003887
003890
003891
003895
003898
003905
003907
003912
003913
003915
003918
003919
003921
003923
003924
003926
003932
003935
003937
003939
003941
003945
003946
003947
003949
003953
003954
003957
003960
003961
003963
003965
003966
003970
003971
003973
003979
003983
003984
003986
003987
003988
003991
003992
003993
003994
003997
003998
004005
004008
004011
004012
004013
004014
004015
004019
004023
004025
004028
004031
004034
004035
004037
004039
004047
004051
004052
004058
004060
004067
004069
004073
004075
004076
004077
004082
004087
004089
004091
004092
004093
004100
004102
004105
004106
004108
004110
004113
004117
004120
004121
004122
004129
004131
004133
004136
004137
004138
004141
004143
004146
004148
004149
004152
004163
004164
004169
004170
004171
004174
004178
004185
004186
004190
004192
004193
004195
004200
004203
004204
004205
004209
004215
004220
004223
004224
004228
004229
004230
004231
004232
004239
004241
004242
004244
004246
004247
004255
004256
004257
004258
004259
004265
004269
004270
004271
004272
004274
004275
004280
004281
004283
004284
004286
004292
004296
004298
004300
004303
004307
004310
004312
004315
004322
004323
004327
004329
004331
004333
004339
004341
004345
004346
004347
004349
004351
004356
004359
004360
004361
004364
004365
004369
004372
004380
004384
004390
004391
004397
004404
004405
004409
004411
004421
004423
004424
004430
004438
004441
004446
004450
004455
004459
004464
004466
004468
004470
004471
004479
004481
004484
004487
004488
004490
004493
004494
004495
004496
004498
004499
004500
004508
004509
004510
004514
004517
004518
004524
004527
004528
004530
004532
004535
004537
004539
004542
004549
004552
004553
004558
004562
004563
004565
004566
004570
004571
004574
004576
004579
004581
004585
004588
004591
004592
004597
004600
004601
004604
004606
004612
004618
004622
004623
004626
004627
004630
004631
004632
004634
004644
004647
004648
004649
004652
004654
004655
004662
004671
004672
004673
004674
004675
004682
004683
004686
004692
004693
004694
004699
004701
004706
004707
004708
004710
004714
004715
004718
004719
004722
004727
004737
004742
004746
004747
004748
004750
004760
004761
004770
004773
004779
004782
004783
004785
004788
004790
004792
004793
004794
004796
004797
004805
004808
004812
004814
004815
004816
004818
004823
004825
004826
004828
004830
004831
004832
004834
004836
004837
004839
004840
004841
004842
004846
004848
004849
004850
004852
004856
004857
004859
004863
004866
004868
004869
004872
004873
004876
004878
004879
004882
004885
004886
004890
004895
004896
004897
004898
004903
004905
004907
004910
004911
004913
004926
004928
004931
004935
004936
004938
004943
004946
004948
004951
004953
004955
004956
004958
004960
004962
004963
004966
004967
004968
004972
004973
004974
004982
004983
004984
004985
004986
004987
004990
004991
004992
004994
004995
004998
005001
005003
005004
005007
005014
005016
005018
005020
005023
005024
005028
005029
005037
005042
005045
005052
005054
005055
005057
005058
005061
005062
005064
005065
005067
005071
005073
005077
005078
005079
005081
005084
005085
005086
005090
005097
005102
005104
005107
005108
005110
005111
005116
005121
005122
005124
005128
005129
005130
005131
005134
005135
005136
005143
005144
005145
005146
005150
005153
005160
005161
005168
005169
005171
005173
005176
005177
005179
005183
005185
005186
005189
005190
005191
005195
005199
005203
005208
005210
005212
005214
005215
005217
005219
005223
005224
005230
005231
005236
005239
005242
005244
005245
005246
005248
005253
005254
005257
005258
005259
005260
005262
005263
005264
005267
005268
005269
005270
005274
005278
005281
005285
005290
005292
005293
005298
005303
005304
005306
005307
005310
005311
005312
005314
005315
005318
005319
005320
005325
005326
005327
005328
005336
005337
005338
005340
005345
005346
005348
005349
005351
005352
005355
005358
005360
005363
005365
005367
005368
005370
005371
005373
005374
005378
005380
005385
005387
005388
005389
005395
005396
005397
005398
005404
005405
005406
005407
005408
005410
005413
005414
005418
005419
005420
005421
005423
005424
005429
005430
005431
005433
005434
005436
005438
005439
005441
005445
005451
005453
005454
005455
005457
005461
005467
005471
005478
005481
005483
005485
005486
005487
005489
005496
005497
005499
005507
005508
005509
005510
005514
005515
005518
005519
005521
005526
005527
005530
005536
005539
005541
005542
005544
005547
005549
005550
005552
005554
005559
005563
005566
005573
005574
005576
005577
005579
005582
005584
005585
005586
005588
005591
005592
005593
005600
005601
005603
005605
005608
005609
005611
005613
005614
005618
005620
005624
005625
005629
005630
005631
005636
005637
005639
005640
005641
005644
005645
005647
005653
005654
005655
005657
005658
005660
005662
005664
005668
005669
005672
005676
005679
005680
005682
005685
005686
005693
005695
005696
005697
005700
005701
005704
005705
005713
005714
005716
005718
005719
005723
005728
005729
005731
005732
005735
005736
005738
005740
005741
005742
005743
005747
005749
005756
005757
005760
005762
005764
005765
005768
005769
005773
005779
005780
005781
005782
005786
005788
005789
005790
005791
005794
005796
005799
005803
005806
005812
005813
005814
005815
005817
005818
005819
005821
005824
005825
005826
005828
005829
005830
005831
005836
005838
005839
005840
005841
005843
005851
005852
005854
005856
005859
005860
005861
005863
005864
005867
005868
005874
005875
005877
005878
005879
005881
005884
005885
005888
005889
005893
005895
005897
005899
005901
005905
005906
005908
005909
005910
005911
005912
005914
005918
005919
005920
005923
005928
005930
005940
005947
005948
005951
005952
005954
005963
005964
005968
005971
005975
005979
005980
005981
005983
005984
005985
005988
005989
005990
005991
005992
005995
005998
006000
006004
006005
006011
006012
006018
006020
006023
006026
006027
006028
006029
006030
006033
006035
006038
006041
006042
006043
006045
006046
006058
006061
006062
006065
006066
006067
006070
006071
006074
006084
006088
006089
006091
006096
006097
006098
006100
006103
006104
006105
006107
006108
006111
006120
006123
006125
006128
006129
006130
006131
006133
006134
006136
006140
006141
006146
006150
006153
006156
006158
006159
006161
006162
006163
006166
006172
006174
006176
006179
006180
006181
006185
006187
006188
006189
006196
006198
006201
006202
006203
006206
006208
006209
006210
006214
006216
006218
006219
006221
006222
006225
006229
006230
006233
006234
006235
006236
006240
006241
006243
006247
006249
006250
006252
006254
006258
006259
006260
006261
006264
006267
006269
006270
006272
006275
006276
006277
006279
006281
006284
006285
006289
006290
006291
006296
006299
006300
006301
006304
006305
006306
006309
006314
006318
006319
006320
006321
006323
006325
006329
006330
006335
006337
006346
006348
006349
006350
006351
006352
006353
006355
006362
006363
006366
006377
006381
006382
006387
006392
006395
006396
006398
006400
006409
006411
006418
006419
006421
006425
006427
006429
006430
006433
006437
006438
006440
006442
006443
006444
006447
006449
006450
006455
006456
006459
006462
006463
006465
006468
006472
006473
006474
006476
006480
006482
006483
006484
006486
006488
006492
006497
006501
006503
006507
006509
006512
006515
006519
006520
006524
006529
006530
006532
006534
006536
006538
006542
006547
006548
006549
006551
006553
006556
006564
006565
006569
006570
006572
006575
006576
006578
006584
006585
006587
006588
006593
006597
006603
006605
006606
006609
006610
006611
006612
006617
006618
006621
006622
006625
006627
006628
006631
006632
006636
006637
006643
006645
006647
006654
006657
006660
006661
006664
006666
006668
006671
006673
006674
006677
006678
006679
006681
006682
006684
006687
006690
006694
006695
006696
006698
006699
006703
006706
006707
006708
006709
006714
006718
006719
006722
006727
006731
006736
006738
006739
006740
006747
006748
006751
006753
006759
006761
006762
006765
006766
006768
006769
006772
006773
006777
006781
006782
006783
006784
006789
006794
006797
006799
006802
006803
006805
006808
006810
006819
006821
006822
006824
006825
006827
006829
006833
006835
006836
006838
006839
006840
006841
006842
006844
006845
006847
006848
006849
006850
006852
006855
006858
006859
006860
006862
006864
006866
006867
006868
006869
006876
006878
006880
006883
006884
006886
006887
006893
006896
006899
006900
006903
006909
006910
006911
006912
006914
006917
006918
006922
006924
006930
006931
006933
006934
006935
006940
006943
006944
006947
006948
006949
006952
006953
006958
006962
006965
006972
006976
006981
006983
006987
006988
006989
006990
006995
007002
007003
007004
007006
007007
007011
007016
007018
007020
007021
007022
007023
007025
007029
007031
007033
007035
007036
007038
007039
007040
007042
007046
007048
007049
007050
007052
007054
007056
007058
007059
007062
007064
007065
007068
007071
007072
007074
007075
007077
007078
007079
007080
007084
007086
007088
007092
007093
007097
007100
007101
007104
007105
007108
007109
007113
007114
007117
007122
007123
007125
007128
007129
007130
007133
007138
007139
007140
007141
007144
007147
007148
007149
007150
007153
007154
007159
007162
007163
007165
007166
007167
007168
007172
007174
007177
007180
007182
007184
007185
007187
007189
007191
007193
007194
007197
007204
007205
007208
007210
007212
007213
007215
007216
007222
007223
007224
007227
007230
007234
007236
007241
007243
007244
007247
007249
007250
007256
007258
007259
007260
007261
007266
007271
007274
007276
007279
007280
007283
007284
007285
007292
007294
007295
007296
007297
007298
007299
007300
007305
007318
007322
007323
007327
007330
007334
007336
007343
007344
007346
007350
007351
007356
007359
007361
007363
007365
007369
007370
007372
007373
007374
007375
007376
007381
007383
007385
007389
007390
007394
007396
007398
007408
007410
007411
007413
007414
007416
007417
007419
007421
007422
007424
007427
007431
007435
007436
007437
007438
007439
007443
007445
007446
007448
007449
007451
007454
007457
007458
007460
007461
007465
007466
007467
007470
007474
007477
007479
007480
007481
007482
007483
007484
007486
007489
007490
007493
007497
007498
007506
007513
007517
007519
007524
007525
007526
007527
007528
007530
007533
007535
007536
007537
007538
007540
007543
007544
007547
007551
007555
007559
007563
007565
007566
007568
007570
007571
007575
007576
007579
007585
007586
007592
007594
007603
007605
007606
007611
007615
007618
007621
007622
007624
007629
007633
007637
007639
007640
007642
007647
007653
007656
007657
007662
007663
007664
007666
007667
007668
007671
007672
007673
007675
007677
007678
007679
007682
007683
007685
007687
007688
007691
007694
007696
007697
007699
007702
007704
007705
007709
007712
007718
007720
007721
007723
007724
007727
007729
007731
007732
007735
007736
007740
007742
007743
007746
007748
007751
007753
007754
007758
007760
007762
007763
007765
007767
007772
007773
007775
007776
007779
007781
007786
007791
007793
007795
007798
007799
007809
007810
007812
007813
007814
007820
007824
007826
007831
007833
007834
007836
007838
007840
007843
007845
007853
007854
007856
007857
007863
007864
007865
007868
007869
007872
007876
007877
007878
007884
007885
007886
007889
007890
007897
007898
007899
007900
007901
007905
007908
007914
007915
007919
007920
007921
007923
007924
007925
007926
007928
007931
007932
007933
007935
007939
007940
007950
007954
007956
007959
007963
007964
007968
007971
007976
007979
007980
007984
007987
007991
007997
007999
008001
008004
008005
008008
008009
008017
008019
008023
008026
008029
008031
008032
008033
008036
008040
008042
008043
008044
008048
008049
008051
008053
008057
008060
008061
008063
008064
008069
008072
008075
008076
008082
008084
008086
008087
008091
008093
008095
008096
008100
008101
008105
008106
008107
008108
008112
008115
008116
008117
008121
008122
008125
008130
008137
008140
008141
008142
008144
008150
008163
008164
008166
008168
008169
008171
008174
008175
008177
008180
008188
008189
008190
008202
008203
008204
008211
008213
008218
008220
008222
008224
008225
008226
008229
008232
008235
008236
008241
008244
008248
008250
008252
008253
008254
008258
008261
008262
008263
008268
008269
008272
008275
008279
008280
008281
008282
008284
008285
008292
008293
008294
008295
008296
008297
008300
008301
008302
008306
008307
008310
008312
008313
008315
008316
008318
008319
008320
008323
008326
008327
008329
008332
008335
008336
008338
008341
008342
008345
008346
008349
008351
008355
008359
008360
008364
008365
008370
008372
008381
008384
008385
008386
008387
008390
008391
008398
008403
008409
008410
008413
008416
008422
008424
008426
008427
008429
008430
008433
008434
008437
008438
008443
008444
008445
008449
008450
008452
008453
008454
008461
008462
008466
008467
008468
008470
008472
008475
008477
008478
008482
008484
008485
008494
008498
008499
008502
008506
008509
008512
008513
008514
008517
008518
008519
008521
008522
008523
008524
008526
008529
008530
008533
008534
008535
008536
008541
008542
008549
008550
008553
008556
008557
008558
008559
008564
008568
008572
008573
008576
008581
008584
008585
008586
008587
008588
008595
008596
008601
008604
008607
008608
008610
008615
008617
008618
008620
008621
008624
008628
008633
008635
008638
008639
008644
008645
008647
008653
008655
008667
008670
008676
008680
008688
008690
008691
008695
008699
008701
008702
008706
008713
008717
008718
008722
008723
008725
008727
008728
008730
008732
008739
008741
008742
008744
008748
008749
008750
008752
008753
008755
008756
008757
008759
008760
008764
008766
008768
008769
008770
008771
008772
008773
008775
008776
008784
008790
008793
008794
008799
008801
008805
008806
008809
008810
008813
008814
008815
008819
008822
008823
008826
008831
008833
008835
008837
008838
008840
008841
008847
008848
008849
008854
008856
008859
008862
008871
008872
008874
008876
008878
008879
008880
008883
008884
008886
008888
008890
008891
008892
008900
008905
008913
008914
008919
008920
008923
008926
008927
008929
008930
008931
008932
008933
008936
008939
008942
008943
008948
008951
008953
008955
008958
008960
008961
008962
008965
008966
008968
008969
008970
008975
008976
008978
008980
008982
008983
008985
008987
008989
008997
008999
009000
009002
009004
009005
009006
009007
009015
009016
009018
009019
009020
009024
009027
009029
009032
009034
009036
009039
009042
009045
009049
009051
009053
009058
009060
009064
009068
009072
009073
009078
009079
009080
009085
009086
009087
009089
009094
009099
009100
009105
009106
009108
009112
009113
009114
009116
009117
009121
009123
009126
009128
009129
009131
009133
009136
009138
009141
009144
009147
009148
009150
009151
009153
009155
009157
009159
009160
009161
009162
009163
009166
009168
009173
009174
009175
009177
009179
009180
009184
009185
009186
009187
009189
009191
009192
009193
009194
009195
009196
009197
009200
009202
009205
009209
009213
009214
009215
009224
009227
009230
009236
009238
009239
009242
009244
009245
009247
009249
009250
009251
009252
009254
009268
009269
009271
009272
009273
009278
009281
009282
009283
009286
009287
009288
009289
009290
009291
009295
009296
009299
009303
009307
009308
009309
009312
009315
009316
009318
009323
009324
009325
009326
009330
009331
009333
009334
009337
009339
009342
009343
009348
009349
009350
009354
009358
009359
009362
009365
009371
009374
009377
009378
009382
009386
009388
009389
009392
009393
009394
009398
009401
009405
009409
009413
009414
009418
009419
009420
009421
009422
009424
009429
009432
009434
009438
009439
009440
009443
009445
009446
009448
009454
009456
009457
009458
009460
009461
009463
009464
009465
009468
009469
009470
009472
009476
009477
009479
009480
009481
009488
009490
009491
009494
009499
009504
009507
009508
009512
009515
009516
009517
009518
009519
009520
009523
009526
009527
009531
009533
009537
009541
009542
009545
009546
009550
009551
009557
009558
009560
009562
009565
009566
009567
009568
009571
009573
009576
009577
009580
009584
009585
009587
009591
009596
009597
009598
009600
009605
009609
009613
009615
009617
009618
009620
009621
009636
009637
009638
009641
009647
009650
009656
009658
009659
009664
009666
009667
009668
009670
009671
009676
009678
009679
009681
009686
009687
009691
009695
009698
009700
009702
009703
009706
009707
009709
009710
009711
009712
009717
009718
009719
009721
009724
009726
009729
009732
009733
009734
009737
009738
009743
009745
009746
009747
009748
009749
009754
009758
009761
009762
009763
009764
009772
009773
009774
009776
009778
009781
009785
009789
009790
009792
009794
009797
009800
009801
009805
009807
009808
009809
009810
009813
009816
009819
009822
009823
009825
009828
009830
009831
009832
009833
009834
009836
009839
009842
009851
009852
009855
009859
009862
009863
009865
009867
009868
009869
009870
009872
009877
009878
009879
009880
009881
009886
009898
009900
009902
009904
009905
009913
009917
009920
009923
009926
009932
009935
009938
009939
009942
009944
009945
009946
009947
009954
009955
009961
